,A,B,Distance
0,5082,33417,956.7109720303566
1,5082,43999,1167.9095602218235
2,5082,53952,736.0496866382327
3,5082,92386,983.5436256268483
4,5082,102712,724.1811676260139
5,5082,122884,434.01121288587
6,5082,142289,721.1677813130908
7,5082,159565,1014.8773043656678
8,5082,183182,999.4681069133899
9,5082,207119,718.3643946019793
10,5082,209245,1095.1631562562586
11,5082,209995,936.1405867682197
12,5082,240268,1184.6461803620252
13,5082,251855,720.9035691380508
14,5082,319578,1137.1872630554715
15,5082,409880,1063.874635750097
16,5082,450006,1214.1188188265476
17,5082,465132,427.1935876426734
18,5082,475854,1187.6442034792829
19,5082,500424,873.2465018295119
20,5082,502092,741.4586575009901
21,5082,509714,572.3826830010773
22,5082,517030,655.6672798853093
23,5082,531559,666.1287713456776
24,5082,543352,177.1497078100963
25,5082,547996,1080.8668747728655
26,5082,578490,391.67333200459507
27,5082,640139,1054.8521006728424
28,5082,641739,868.7151586698019
29,5082,645876,1155.2696630078815
30,5082,658659,1053.2568278022238
31,5082,666126,917.5768040894383
32,5082,714724,5388.304909588675
33,5082,731431,756.4792183200055
34,5082,737894,928.7470452266499
35,5082,766298,240.41722441466663
36,5082,799150,659.3348392913706
37,5082,845797,752.2031396770535
38,5082,880657,806.4793612884623
39,5082,884138,859.4808679070198
40,5082,910187,725.4138065834445
41,33417,5082,956.7109720303566
42,33417,43999,355.46502587743606
43,33417,53952,620.756079837567
44,33417,92386,453.93523591258037
45,33417,102712,636.2133481311507
46,33417,122884,813.229445452321
47,33417,142289,641.8923329947606
48,33417,159565,220.7898408010826
49,33417,183182,464.4843012548505
50,33417,207119,614.8795491754283
51,33417,209245,448.2492639279951
52,33417,209995,748.4556524758341
53,33417,240268,618.1572524310652
54,33417,251855,605.262460875625
55,33417,319578,441.86630278890823
56,33417,409880,323.0070406165455
57,33417,450006,428.4105620412586
58,33417,465132,923.6154216485027
59,33417,475854,591.7212085115976
60,33417,500424,535.5787153162142
61,33417,502092,631.6494886402631
62,33417,509714,963.7437192755114
63,33417,517030,598.4073596409102
64,33417,531559,612.0700571950849
65,33417,543352,962.0138527935254
66,33417,547996,273.23655481530295
67,33417,578490,938.393689778214
68,33417,640139,355.0517508416777
69,33417,641739,1278.7372519427422
70,33417,645876,460.82854261012125
71,33417,658659,393.38739846461203
72,33417,666126,599.3227975512864
73,33417,714724,5436.345195148047
74,33417,731431,613.9696211383895
75,33417,737894,346.7267402686429
76,33417,766298,971.705519737724
77,33417,799150,581.7876042681502
78,33417,845797,645.6123781078892
79,33417,880657,602.6453179310955
80,33417,884138,558.206596134009
81,33417,910187,615.4876738581485
82,43999,5082,1167.9095602218235
83,43999,33417,355.46502587743606
84,43999,53952,937.9816297568573
85,43999,92386,491.1894184130255
86,43999,102712,928.2981122317452
87,43999,122884,1006.9822282578074
88,43999,142289,934.9217940723415
89,43999,159565,370.2886699227814
90,43999,183182,503.45422453018693
91,43999,207119,885.445350895541
92,43999,209245,377.5366393577954
93,43999,209995,959.8081499706702
94,43999,240268,379.99080915336265
95,43999,251855,862.70735832655
96,43999,319578,399.36239381589206
97,43999,409880,593.9362084450676
98,43999,450006,382.8294759211204
99,43999,465132,1237.9484676224688
100,43999,475854,473.18146040369146
101,43999,500424,703.5211828009901
102,43999,502092,914.2849506229611
103,43999,509714,1180.3325024741023
104,43999,517030,882.76066154325
105,43999,531559,953.0918995939028
106,43999,543352,1136.5369178724347
107,43999,547996,417.9195963655451
108,43999,578490,1193.4081891524024
109,43999,640139,398.3919078749206
110,43999,641739,1357.2400943349237
111,43999,645876,484.11229101266156
112,43999,658659,340.7819015336717
113,43999,666126,657.6809007580785
114,43999,714724,5528.533720897105
115,43999,731431,957.3842269375116
116,43999,737894,631.7715460803869
117,43999,766298,1216.1034379643365
118,43999,799150,861.901750593872
119,43999,845797,988.0139141596807
120,43999,880657,946.5965226694912
121,43999,884138,874.0853014411683
122,43999,910187,959.500221963492
123,53952,5082,736.0496866382327
124,53952,33417,620.756079837567
125,53952,43999,937.9816297568573
126,53952,92386,582.71729278377
127,53952,102712,276.60373307681743
128,53952,122884,413.07996184173317
129,53952,142289,326.29104205255913
130,53952,159565,595.8207982192437
131,53952,183182,634.4393651011322
132,53952,207119,251.6806122335614
133,53952,209245,649.0788855416403
134,53952,209995,638.7293507529421
135,53952,240268,952.0965093962507
136,53952,251855,204.55680724512038
137,53952,319578,646.7587437907911
138,53952,409880,521.2133311826368
139,53952,450006,888.6411640365558
140,53952,465132,560.5108804468458
141,53952,475854,1128.7937008803508
142,53952,500424,518.1337815384767
143,53952,502092,308.0901766493496
144,53952,509714,670.9346560313633
145,53952,517030,516.266203312573
146,53952,531559,514.7217943380629
147,53952,543352,788.7481987404908
148,53952,547996,563.93690621226
149,53952,578490,592.2828994861779
150,53952,640139,596.9989170748191
151,53952,641739,1125.1177589344607
152,53952,645876,659.6377737177747
153,53952,658659,618.235568786282
154,53952,666126,736.2594090314914
155,53952,714724,5271.396976833388
156,53952,731431,293.5953090411403
157,53952,737894,500.87328055802175
158,53952,766298,786.9772009630836
159,53952,799150,392.5112010173036
160,53952,845797,276.31358595362207
161,53952,880657,380.20894109067723
162,53952,884138,378.8755202731816
163,53952,910187,423.1444513104359
164,92386,5082,983.5436256268483
165,92386,33417,453.93523591258037
166,92386,43999,491.1894184130255
167,92386,53952,582.71729278377
168,92386,102712,575.98077090257
169,92386,122884,839.2473770798554
170,92386,142289,637.0835272965812
171,92386,159565,365.1014544316008
172,92386,183182,199.86175737171996
173,92386,207119,544.0484398650102
174,92386,209245,397.78675965629105
175,92386,209995,679.7524851965305
176,92386,240268,564.7593111250073
177,92386,251855,534.5257113113892
178,92386,319578,389.0266791252523
179,92386,409880,358.037973511128
180,92386,450006,446.7944716027321
181,92386,465132,939.5220689568728
182,92386,475854,638.2400966119337
183,92386,500424,617.5898241511425
184,92386,502092,561.1721446878564
185,92386,509714,986.8323747114836
186,92386,517030,640.4306842202577
187,92386,531559,577.9303737709384
188,92386,543352,995.6396525246121
189,92386,547996,329.24139518961186
190,92386,578490,976.7807047395493
191,92386,640139,440.37301400663483
192,92386,641739,918.8366775561501
193,92386,645876,459.6876344772775
194,92386,658659,489.0098363551005
195,92386,666126,414.23530854580537
196,92386,714724,5398.336309914946
197,92386,731431,574.5428156217372
198,92386,737894,393.2778463275399
199,92386,766298,986.4632134151612
200,92386,799150,624.6861543463826
201,92386,845797,608.5924721359851
202,92386,880657,561.1426148925815
203,92386,884138,607.4178040399916
204,92386,910187,573.5662180364267
205,102712,5082,724.1811676260139
206,102712,33417,636.2133481311507
207,102712,43999,928.2981122317452
208,102712,53952,276.60373307681743
209,102712,92386,575.98077090257
210,102712,122884,426.0528084618544
211,102712,142289,551.93614257379
212,102712,159565,611.3734032020823
213,102712,183182,645.8332166921252
214,102712,207119,271.1426802593356
215,102712,209245,636.3892831928533
216,102712,209995,626.3573175629172
217,102712,240268,966.4350709977182
218,102712,251855,148.92889206627598
219,102712,319578,635.325189101853
220,102712,409880,531.3098772763587
221,102712,450006,902.3433371494637
222,102712,465132,561.2274815853915
223,102712,475854,1069.2784590683084
224,102712,500424,527.3830150206753
225,102712,502092,465.7935832963765
226,102712,509714,655.6209105034725
227,102712,517030,528.9962266702872
228,102712,531559,525.0229623589037
229,102712,543352,775.4345441805572
230,102712,547996,579.1820635141447
231,102712,578490,591.1933648359903
232,102712,640139,588.5713977651728
233,102712,641739,1310.6787505575344
234,102712,645876,648.609337922202
235,102712,658659,609.7967972961297
236,102712,666126,750.1950251045575
237,102712,714724,5451.115375742814
238,102712,731431,288.75927699059656
239,102712,737894,512.1687105561967
240,102712,766298,773.6738535161039
241,102712,799150,486.4369130380163
242,102712,845797,264.8148947649595
243,102712,880657,352.694426600695
244,102712,884138,391.6870478983172
245,102712,910187,424.7318754292013
246,122884,5082,434.01121288587
247,122884,33417,813.229445452321
248,122884,43999,1006.9822282578074
249,122884,53952,413.07996184173317
250,122884,92386,839.2473770798554
251,122884,102712,426.0528084618544
252,122884,142289,539.3091625837396
253,122884,159565,806.2878407956968
254,122884,183182,797.7097899699017
255,122884,207119,452.4115503022728
256,122884,209245,938.4550621279224
257,122884,209995,712.241538663407
258,122884,240268,1014.8649157158517
259,122884,251855,459.9434673892315
260,122884,319578,957.2183527917964
261,122884,409880,847.6741923204419
262,122884,450006,1057.5537962755157
263,122884,465132,368.1760326798744
264,122884,475854,1021.9281224048955
265,122884,500424,502.26416835472753
266,122884,502092,494.4050615167689
267,122884,509714,491.06641785711344
268,122884,517030,593.6514884037636
269,122884,531559,439.45137352421875
270,122884,543352,429.9181554824101
271,122884,547996,892.2244174314883
272,122884,578490,406.299724867356
273,122884,640139,908.4369458245812
274,122884,641739,1265.6844816101518
275,122884,645876,972.9338390415508
276,122884,658659,910.1035395249844
277,122884,666126,761.4894721102457
278,122884,714724,5330.1126437927005
279,122884,731431,443.05333190155
280,122884,737894,699.9569094830284
281,122884,766298,460.20788809021224
282,122884,799150,528.5410912883779
283,122884,845797,470.1258458515839
284,122884,880657,528.6075182560722
285,122884,884138,536.4480916815046
286,122884,910187,420.9813011870006
287,142289,5082,721.1677813130908
288,142289,33417,641.8923329947606
289,142289,43999,934.9217940723415
290,142289,53952,326.29104205255913
291,142289,92386,637.0835272965812
292,142289,102712,551.93614257379
293,142289,122884,539.3091625837396
294,142289,159565,667.3932912334232
295,142289,183182,577.7803088035924
296,142289,207119,292.4286949208426
297,142289,209245,644.598241122418
298,142289,209995,619.0605886445123
299,142289,240268,938.8658574520556
300,142289,251855,428.68054027988535
301,142289,319578,761.7916171228707
302,142289,409880,696.3156943617664
303,142289,450006,857.672518836338
304,142289,465132,544.397877074468
305,142289,475854,1034.6063524264189
306,142289,500424,559.0440169556252
307,142289,502092,633.5531720206421
308,142289,509714,647.8278788320206
309,142289,517030,536.4354636288291
310,142289,531559,528.1234145246725
311,142289,543352,771.0030134501746
312,142289,547996,751.4085358586048
313,142289,578490,631.0782736228833
314,142289,640139,602.7836919919619
315,142289,641739,1251.9504042993592
316,142289,645876,648.6023540416845
317,142289,658659,623.8359585349377
318,142289,666126,754.7159445065245
319,142289,714724,5446.913370539924
320,142289,731431,414.9227648350968
321,142289,737894,681.8827767517495
322,142289,766298,769.7238174721721
323,142289,799150,459.9272163733968
324,142289,845797,559.319812804508
325,142289,880657,653.3777184198055
326,142289,884138,399.15317623436084
327,142289,910187,390.9156853918073
328,159565,5082,1014.8773043656678
329,159565,33417,220.7898408010826
330,159565,43999,370.2886699227814
331,159565,53952,595.8207982192437
332,159565,92386,365.1014544316008
333,159565,102712,611.3734032020823
334,159565,122884,806.2878407956968
335,159565,142289,667.3932912334232
336,159565,183182,371.7190246876476
337,159565,207119,592.9148372636568
338,159565,209245,366.44218776354313
339,159565,209995,731.0880605829867
340,159565,240268,470.2830079969612
341,159565,251855,584.5149482418133
342,159565,319578,346.5726439251176
343,159565,409880,318.3700069427346
344,159565,450006,452.2637925207282
345,159565,465132,972.0065887857221
346,159565,475854,616.5328744122505
347,159565,500424,467.04617444421575
348,159565,502092,608.580610828037
349,159565,509714,955.7487471572284
350,159565,517030,575.2979184145794
351,159565,531559,587.5761871278112
352,159565,543352,1081.9257137173395
353,159565,547996,315.91542233210316
354,159565,578490,1034.4775034625088
355,159565,640139,386.941442759508
356,159565,641739,1115.6953366150883
357,159565,645876,529.8882656125757
358,159565,658659,505.0330355616209
359,159565,666126,623.6211833944102
360,159565,714724,5371.609903240534
361,159565,731431,588.6459420887365
362,159565,737894,407.672774690861
363,159565,766298,1057.2851206071946
364,159565,799150,559.1084508985257
365,159565,845797,620.669428258959
366,159565,880657,577.0308966063061
367,159565,884138,532.6327705050636
368,159565,910187,589.8258829631494
369,183182,5082,999.4681069133899
370,183182,33417,464.4843012548505
371,183182,43999,503.45422453018693
372,183182,53952,634.4393651011322
373,183182,92386,199.86175737171996
374,183182,102712,645.8332166921252
375,183182,122884,797.7097899699017
376,183182,142289,577.7803088035924
377,183182,159565,371.7190246876476
378,183182,207119,651.8677850671033
379,183182,209245,417.4534725495491
380,183182,209995,721.9565816347156
381,183182,240268,538.6536034699255
382,183182,251855,649.0790198383872
383,183182,319578,422.31424785675875
384,183182,409880,438.20048693363486
385,183182,450006,426.05840949150246
386,183182,465132,869.1172277533111
387,183182,475854,519.0564428189164
388,183182,500424,626.1915472733722
389,183182,502092,682.1578738083132
390,183182,509714,990.6319435342755
391,183182,517030,764.8492334842327
392,183182,531559,665.7471643735307
393,183182,543352,892.0494063739951
394,183182,547996,343.20961298396776
395,183182,578490,940.2173382080183
396,183182,640139,308.660843672132
397,183182,641739,904.8563353553101
398,183182,645876,373.98461813206916
399,183182,658659,310.28458832794814
400,183182,666126,503.18053752401676
401,183182,714724,5415.4048669774065
402,183182,731431,647.2657422825945
403,183182,737894,484.69928270749926
404,183182,766298,999.8304739448275
405,183182,799150,733.5249631726147
406,183182,845797,657.1244686554671
407,183182,880657,634.0468153581901
408,183182,884138,701.2145341282155
409,183182,910187,651.5926177652386
410,207119,5082,718.3643946019793
411,207119,33417,614.8795491754283
412,207119,43999,885.445350895541
413,207119,53952,251.6806122335614
414,207119,92386,544.0484398650102
415,207119,102712,271.1426802593356
416,207119,122884,452.4115503022728
417,207119,142289,292.4286949208426
418,207119,159565,592.9148372636568
419,207119,183182,651.8677850671033
420,207119,209245,584.4884363123975
421,207119,209995,632.9301757712162
422,207119,240268,935.1994335187588
423,207119,251855,212.3749771296292
424,207119,319578,593.6142139981223
425,207119,409880,537.9757777902479
426,207119,450006,906.8610568769934
427,207119,465132,542.5375686118513
428,207119,475854,1078.1482162496502
429,207119,500424,534.0886793401876
430,207119,502092,468.23363919212227
431,207119,509714,659.8328623173405
432,207119,517030,522.8203707795569
433,207119,531559,571.8882428773611
434,207119,543352,771.1496958389738
435,207119,547996,582.1667483995761
436,207119,578490,629.3912047199266
437,207119,640139,550.6087742218556
438,207119,641739,1266.3182859142464
439,207119,645876,612.9347314415046
440,207119,658659,571.7265339575906
441,207119,666126,754.5168271316238
442,207119,714724,5388.494746116464
443,207119,731431,287.63103112474994
444,207119,737894,518.2484269330016
445,207119,766298,768.8228715865193
446,207119,799150,507.656276811209
447,207119,845797,290.5869952553916
448,207119,880657,393.22694713860346
449,207119,884138,385.59902029999364
450,207119,910187,445.1951580159736
451,209245,5082,1095.1631562562586
452,209245,33417,448.2492639279951
453,209245,43999,377.5366393577954
454,209245,53952,649.0788855416403
455,209245,92386,397.78675965629105
456,209245,102712,636.3892831928533
457,209245,122884,938.4550621279224
458,209245,142289,644.598241122418
459,209245,159565,366.44218776354313
460,209245,183182,417.4534725495491
461,209245,207119,584.4884363123975
462,209245,209995,659.0472779474192
463,209245,240268,465.42084592344446
464,209245,251855,550.3799408066355
465,209245,319578,270.0808381841149
466,209245,409880,602.9645006305503
467,209245,450006,406.7567198412423
468,209245,465132,974.2380390260798
469,209245,475854,611.2489805826772
470,209245,500424,682.9407509404164
471,209245,502092,624.6356265215551
472,209245,509714,1092.7754539654645
473,209245,517030,688.8387111037631
474,209245,531559,870.0016167600313
475,209245,543352,1102.849366111449
476,209245,547996,336.16145169463135
477,209245,578490,985.947988058427
478,209245,640139,264.58837149294783
479,209245,641739,1185.1078327840085
480,209245,645876,545.9078594878184
481,209245,658659,302.8229284003839
482,209245,666126,616.4196337376385
483,209245,714724,5487.882613037638
484,209245,731431,760.7985033731222
485,209245,737894,636.647580560494
486,209245,766298,1099.6691602594763
487,209245,799150,671.0437694040319
488,209245,845797,743.6155326710606
489,209245,880657,820.4890959889506
490,209245,884138,652.1894358438187
491,209245,910187,845.4669200090235
492,209995,5082,936.1405867682197
493,209995,33417,748.4556524758341
494,209995,43999,959.8081499706702
495,209995,53952,638.7293507529421
496,209995,92386,679.7524851965305
497,209995,102712,626.3573175629172
498,209995,122884,712.241538663407
499,209995,142289,619.0605886445123
500,209995,159565,731.0880605829867
501,209995,183182,721.9565816347156
502,209995,207119,632.9301757712162
503,209995,209245,659.0472779474192
504,209995,240268,1027.4333075600318
505,209995,251855,624.6770897853518
506,209995,319578,662.4569453325826
507,209995,409880,630.8601104389592
508,209995,450006,1000.4955296260376
509,209995,465132,785.095922294196
510,209995,475854,1095.1781077219207
511,209995,500424,634.9306301686449
512,209995,502092,462.30909375579387
513,209995,509714,579.1490233868841
514,209995,517030,437.7379796274643
515,209995,531559,619.8614585137859
516,209995,543352,867.1163727853078
517,209995,547996,748.5686070032053
518,209995,578490,814.6558997952777
519,209995,640139,662.9942447924218
520,209995,641739,1278.2917970951717
521,209995,645876,829.7954510305534
522,209995,658659,682.4321249371151
523,209995,666126,915.6623806117759
524,209995,714724,5422.429486406003
525,209995,731431,665.1423749957333
526,209995,737894,674.2817249013099
527,209995,766298,904.9309038865423
528,209995,799150,495.6993912005857
529,209995,845797,628.3169988278091
530,209995,880657,689.4091134722457
531,209995,884138,406.36752307304386
532,209995,910187,688.2217505329586
533,240268,5082,1184.6461803620252
534,240268,33417,618.1572524310652
535,240268,43999,379.99080915336265
536,240268,53952,952.0965093962507
537,240268,92386,564.7593111250073
538,240268,102712,966.4350709977182
539,240268,122884,1014.8649157158517
540,240268,142289,938.8658574520556
541,240268,159565,470.2830079969612
542,240268,183182,538.6536034699255
543,240268,207119,935.1994335187588
544,240268,209245,465.42084592344446
545,240268,209995,1027.4333075600318
546,240268,251855,916.5473659620615
547,240268,319578,442.1346254648704
548,240268,409880,609.6327299552346
549,240268,450006,405.92465931909976
550,240268,465132,1176.338950408327
551,240268,475854,384.30426370235375
552,240268,500424,790.8025441861944
553,240268,502092,959.9112860396048
554,240268,509714,1180.2868569831735
555,240268,517030,927.4680879203465
556,240268,531559,939.327274949588
557,240268,543352,1314.5949527776222
558,240268,547996,470.39118586683736
559,240268,578490,1124.3549176817503
560,240268,640139,429.12952993235234
561,240268,641739,1223.4303946454681
562,240268,645876,483.85231427936327
563,240268,658659,374.7539930704514
564,240268,666126,752.7094724684644
565,240268,714724,5218.582037257661
566,240268,731431,949.1450138113822
567,240268,737894,684.766235504033
568,240268,766298,1274.841384931991
569,240268,799150,908.0227619854594
570,240268,845797,976.7183037394011
571,240268,880657,940.7739679605685
572,240268,884138,904.262157054597
573,240268,910187,953.9747010197746
574,251855,5082,720.9035691380508
575,251855,33417,605.262460875625
576,251855,43999,862.70735832655
577,251855,53952,204.55680724512038
578,251855,92386,534.5257113113892
579,251855,102712,148.92889206627598
580,251855,122884,459.9434673892315
581,251855,142289,428.68054027988535
582,251855,159565,584.5149482418133
583,251855,183182,649.0790198383872
584,251855,207119,212.3749771296292
585,251855,209245,550.3799408066355
586,251855,209995,624.6770897853518
587,251855,240268,916.5473659620615
588,251855,319578,590.2813271017113
589,251855,409880,534.3811441922666
590,251855,450006,905.8525177392945
591,251855,465132,574.718755910681
592,251855,475854,1049.6489676963802
593,251855,500424,530.4415023346943
594,251855,502092,464.87590088100995
595,251855,509714,652.9782829031492
596,251855,517030,530.8576296712715
597,251855,531559,602.9198659044897
598,251855,543352,765.1994195815219
599,251855,547996,582.7996700115531
600,251855,578490,570.1761194126441
601,251855,640139,534.6116918195565
602,251855,641739,1285.9986776517087
603,251855,645876,612.4645476016119
604,251855,658659,555.4857845937203
605,251855,666126,753.7266505897405
606,251855,714724,5414.373557842448
607,251855,731431,280.2522648187794
608,251855,737894,515.4061192877108
609,251855,766298,770.218660186972
610,251855,799150,496.1005502315282
611,251855,845797,308.9032610006509
612,251855,880657,365.70307958245775
613,251855,884138,393.5859952323723
614,251855,910187,452.93762653463443
615,319578,5082,1137.1872630554715
616,319578,33417,441.86630278890823
617,319578,43999,399.36239381589206
618,319578,53952,646.7587437907911
619,319578,92386,389.0266791252523
620,319578,102712,635.325189101853
621,319578,122884,957.2183527917964
622,319578,142289,761.7916171228707
623,319578,159565,346.5726439251176
624,319578,183182,422.31424785675875
625,319578,207119,593.6142139981223
626,319578,209245,270.0808381841149
627,319578,209995,662.4569453325826
628,319578,240268,442.1346254648704
629,319578,251855,590.2813271017113
630,319578,409880,591.6072751503546
631,319578,450006,379.37820746319136
632,319578,465132,1094.1225883983834
633,319578,475854,564.7652616905359
634,319578,500424,595.4113079636321
635,319578,502092,622.3557774432632
636,319578,509714,1127.7110210573962
637,319578,517030,700.2219188348431
638,319578,531559,807.0242104795149
639,319578,543352,1068.5362145432014
640,319578,547996,361.924181487607
641,319578,578490,1126.3584231722944
642,319578,640139,271.665926306392
643,319578,641739,957.9069974476593
644,319578,645876,530.162943000112
645,319578,658659,295.0995818575575
646,319578,666126,598.4600126308209
647,319578,714724,5389.257927472764
648,319578,731431,792.6105862975036
649,319578,737894,569.6276495701532
650,319578,766298,1135.6582974901967
651,319578,799150,675.0154860757075
652,319578,845797,746.2665424166526
653,319578,880657,777.7002629562949
654,319578,884138,648.849978533168
655,319578,910187,788.9010154057875
656,409880,5082,1063.874635750097
657,409880,33417,323.0070406165455
658,409880,43999,593.9362084450676
659,409880,53952,521.2133311826368
660,409880,92386,358.037973511128
661,409880,102712,531.3098772763587
662,409880,122884,847.6741923204419
663,409880,142289,696.3156943617664
664,409880,159565,318.3700069427346
665,409880,183182,438.20048693363486
666,409880,207119,537.9757777902479
667,409880,209245,602.9645006305503
668,409880,209995,630.8601104389592
669,409880,240268,609.6327299552346
670,409880,251855,534.3811441922666
671,409880,319578,591.6072751503546
672,409880,450006,661.5652810519234
673,409880,465132,1019.6711008010271
674,409880,475854,623.4705572931764
675,409880,500424,504.85802190379343
676,409880,502092,567.4746721962355
677,409880,509714,652.2548936407172
678,409880,517030,661.1938057733037
679,409880,531559,557.5927499019388
680,409880,543352,951.4792517063619
681,409880,547996,376.4733976178983
682,409880,578490,954.2801752227915
683,409880,640139,424.85876777410033
684,409880,641739,1243.1947994859302
685,409880,645876,566.8507297121438
686,409880,658659,526.6541577025552
687,409880,666126,426.60496256171695
688,409880,714724,5310.751178371735
689,409880,731431,529.7097225795295
690,409880,737894,301.48363458948955
691,409880,766298,881.574467070866
692,409880,799150,644.6548530856645
693,409880,845797,542.7518228419942
694,409880,880657,530.8659863446602
695,409880,884138,626.2128482769274
696,409880,910187,543.7080641163329
697,450006,5082,1214.1188188265476
698,450006,33417,428.4105620412586
699,450006,43999,382.8294759211204
700,450006,53952,888.6411640365558
701,450006,92386,446.7944716027321
702,450006,102712,902.3433371494637
703,450006,122884,1057.5537962755157
704,450006,142289,857.672518836338
705,450006,159565,452.2637925207282
706,450006,183182,426.05840949150246
707,450006,207119,906.8610568769934
708,450006,209245,406.7567198412423
709,450006,209995,1000.4955296260376
710,450006,240268,405.92465931909976
711,450006,251855,905.8525177392945
712,450006,319578,379.37820746319136
713,450006,409880,661.5652810519234
714,450006,465132,1134.1106355457273
715,450006,475854,503.40267880174844
716,450006,500424,838.1309151947141
717,450006,502092,942.7228425782903
718,450006,509714,1211.4376624683796
719,450006,517030,909.7021112531496
720,450006,531559,917.0668142804176
721,450006,543352,1086.927446466659
722,450006,547996,435.64185855775
723,450006,578490,1152.3442539741354
724,450006,640139,520.4839170159144
725,450006,641739,1137.1710540061401
726,450006,645876,396.3289878414149
727,450006,658659,427.83982083748185
728,450006,666126,583.6884972192528
729,450006,714724,5493.138166528112
730,450006,731431,887.6461012088289
731,450006,737894,623.8022067683917
732,450006,766298,1218.4552213781271
733,450006,799150,891.8138152471008
734,450006,845797,912.9589051895963
735,450006,880657,890.2115820425403
736,450006,884138,873.3733788794892
737,450006,910187,901.6309550677705
738,465132,5082,427.1935876426734
739,465132,33417,923.6154216485027
740,465132,43999,1237.9484676224688
741,465132,53952,560.5108804468458
742,465132,92386,939.5220689568728
743,465132,102712,561.2274815853915
744,465132,122884,368.1760326798744
745,465132,142289,544.397877074468
746,465132,159565,972.0065887857221
747,465132,183182,869.1172277533111
748,465132,207119,542.5375686118513
749,465132,209245,974.2380390260798
750,465132,209995,785.095922294196
751,465132,240268,1176.338950408327
752,465132,251855,574.718755910681
753,465132,319578,1094.1225883983834
754,465132,409880,1019.6711008010271
755,465132,450006,1134.1106355457273
756,465132,475854,1279.8994967615877
757,465132,500424,823.1261218532524
758,465132,502092,643.0876885867482
759,465132,509714,623.403477968967
760,465132,517030,657.3875704198819
761,465132,531559,577.7636135996057
762,465132,543352,388.71181934178804
763,465132,547996,1072.720441482734
764,465132,578490,260.9072972435514
765,465132,640139,926.2370265284173
766,465132,641739,1090.816667017845
767,465132,645876,974.06184142087
768,465132,658659,960.2237046486972
769,465132,666126,982.1269226115483
770,465132,714724,5441.361098096785
771,465132,731431,560.1409327064583
772,465132,737894,994.2468142308855
773,465132,766298,395.91356371832944
774,465132,799150,607.3530745683626
775,465132,845797,792.255018956562
776,465132,880657,866.7631940515397
777,465132,884138,726.5709711841862
778,465132,910187,554.0520159797882
779,475854,5082,1187.6442034792829
780,475854,33417,591.7212085115976
781,475854,43999,473.18146040369146
782,475854,53952,1128.7937008803508
783,475854,92386,638.2400966119337
784,475854,102712,1069.2784590683084
785,475854,122884,1021.9281224048955
786,475854,142289,1034.6063524264189
787,475854,159565,616.5328744122505
788,475854,183182,519.0564428189164
789,475854,207119,1078.1482162496502
790,475854,209245,611.2489805826772
791,475854,209995,1095.1781077219207
792,475854,240268,384.30426370235375
793,475854,251855,1049.6489676963802
794,475854,319578,564.7652616905359
795,475854,409880,623.4705572931764
796,475854,450006,503.40267880174844
797,475854,465132,1279.8994967615877
798,475854,500424,628.2924556356841
799,475854,502092,1089.4326388330544
800,475854,509714,1202.2245632523045
801,475854,517030,1157.4976544632505
802,475854,531559,1097.0154768774426
803,475854,543352,1141.0776467388196
804,475854,547996,622.8502451389113
805,475854,578490,1220.4940341277393
806,475854,640139,650.7180517822248
807,475854,641739,1363.2500539528226
808,475854,645876,558.756989152481
809,475854,658659,621.9053157035523
810,475854,666126,679.9007453583463
811,475854,714724,5114.897621863317
812,475854,731431,1060.6985919198514
813,475854,737894,697.5202029626886
814,475854,766298,1250.223561198184
815,475854,799150,1085.355421771025
816,475854,845797,1088.822661059893
817,475854,880657,1051.8376782194287
818,475854,884138,1017.3602032141771
819,475854,910187,1141.3034267523783
820,500424,5082,873.2465018295119
821,500424,33417,535.5787153162142
822,500424,43999,703.5211828009901
823,500424,53952,518.1337815384767
824,500424,92386,617.5898241511425
825,500424,102712,527.3830150206753
826,500424,122884,502.26416835472753
827,500424,142289,559.0440169556252
828,500424,159565,467.04617444421575
829,500424,183182,626.1915472733722
830,500424,207119,534.0886793401876
831,500424,209245,682.9407509404164
832,500424,209995,634.9306301686449
833,500424,240268,790.8025441861944
834,500424,251855,530.4415023346943
835,500424,319578,595.4113079636321
836,500424,409880,504.85802190379343
837,500424,450006,838.1309151947141
838,500424,465132,823.1261218532524
839,500424,475854,628.2924556356841
840,500424,502092,614.4247396173326
841,500424,509714,747.8976433594725
842,500424,517030,656.5271327970446
843,500424,531559,586.4817520012089
844,500424,543352,844.4010843067109
845,500424,547996,548.1890432850184
846,500424,578490,695.3090097247434
847,500424,640139,442.08269646981967
848,500424,641739,1361.6013090800504
849,500424,645876,570.7588636797104
850,500424,658659,507.8278446304843
851,500424,666126,839.6831580690431
852,500424,714724,5277.838362551402
853,500424,731431,525.37056140371
854,500424,737894,525.6850716606397
855,500424,766298,808.9164007799615
856,500424,799150,660.5359206219664
857,500424,845797,538.8310862268315
858,500424,880657,527.0137903841194
859,500424,884138,622.6397241389597
860,500424,910187,540.7746951672925
861,502092,5082,741.4586575009901
862,502092,33417,631.6494886402631
863,502092,43999,914.2849506229611
864,502092,53952,308.0901766493496
865,502092,92386,561.1721446878564
866,502092,102712,465.7935832963765
867,502092,122884,494.4050615167689
868,502092,142289,633.5531720206421
869,502092,159565,608.580610828037
870,502092,183182,682.1578738083132
871,502092,207119,468.23363919212227
872,502092,209245,624.6356265215551
873,502092,209995,462.30909375579387
874,502092,240268,959.9112860396048
875,502092,251855,464.87590088100995
876,502092,319578,622.3557774432632
877,502092,409880,567.4746721962355
878,502092,450006,942.7228425782903
879,502092,465132,643.0876885867482
880,502092,475854,1089.4326388330544
881,502092,500424,614.4247396173326
882,502092,509714,593.3434299413425
883,502092,517030,462.8184994966319
884,502092,531559,538.6868915310977
885,502092,543352,736.1877345630242
886,502092,547996,612.4409385074194
887,502092,578490,600.1528574868588
888,502092,640139,574.0918415579506
889,502092,641739,898.9056136196942
890,502092,645876,690.1599578993041
891,502092,658659,595.3213463065107
892,502092,666126,808.7225485725461
893,502092,714724,5319.121588028871
894,502092,731431,532.1964002700437
895,502092,737894,594.2867393152644
896,502092,766298,753.5593245812748
897,502092,799150,341.14700747841556
898,502092,845797,387.57498609269834
899,502092,880657,542.4930946788141
900,502092,884138,472.19470912881593
901,502092,910187,439.2044607234303
902,509714,5082,572.3826830010773
903,509714,33417,963.7437192755114
904,509714,43999,1180.3325024741023
905,509714,53952,670.9346560313633
906,509714,92386,986.8323747114836
907,509714,102712,655.6209105034725
908,509714,122884,491.06641785711344
909,509714,142289,647.8278788320206
910,509714,159565,955.7487471572284
911,509714,183182,990.6319435342755
912,509714,207119,659.8328623173405
913,509714,209245,1092.7754539654645
914,509714,209995,579.1490233868841
915,509714,240268,1180.2868569831735
916,509714,251855,652.9782829031492
917,509714,319578,1127.7110210573962
918,509714,409880,652.2548936407172
919,509714,450006,1211.4376624683796
920,509714,465132,623.403477968967
921,509714,475854,1202.2245632523045
922,509714,500424,747.8976433594725
923,509714,502092,593.3434299413425
924,509714,517030,625.5142013414064
925,509714,531559,659.6147980456495
926,509714,543352,684.8327618707782
927,509714,547996,913.6056651394381
928,509714,578490,484.70850987986506
929,509714,640139,1060.940369893882
930,509714,641739,944.2197046060971
931,509714,645876,1149.3718150137856
932,509714,658659,1059.7963468909045
933,509714,666126,928.5856762921767
934,509714,714724,5425.586935654311
935,509714,731431,694.4662443880617
936,509714,737894,802.8837073998807
937,509714,766298,679.164285266209
938,509714,799150,636.3063317057679
939,509714,845797,653.7553920242166
940,509714,880657,718.2219588442042
941,509714,884138,724.6117935845572
942,509714,910187,713.0896068217314
943,517030,5082,655.6672798853093
944,517030,33417,598.4073596409102
945,517030,43999,882.76066154325
946,517030,53952,516.266203312573
947,517030,92386,640.4306842202577
948,517030,102712,528.9962266702872
949,517030,122884,593.6514884037636
950,517030,142289,536.4354636288291
951,517030,159565,575.2979184145794
952,517030,183182,764.8492334842327
953,517030,207119,522.8203707795569
954,517030,209245,688.8387111037631
955,517030,209995,437.7379796274643
956,517030,240268,927.4680879203465
957,517030,251855,530.8576296712715
958,517030,319578,700.2219188348431
959,517030,409880,661.1938057733037
960,517030,450006,909.7021112531496
961,517030,465132,657.3875704198819
962,517030,475854,1157.4976544632505
963,517030,500424,656.5271327970446
964,517030,502092,462.8184994966319
965,517030,509714,625.5142013414064
966,517030,531559,535.5583514411512
967,517030,543352,816.0565599796792
968,517030,547996,676.2998821316203
969,517030,578490,720.0561109696273
970,517030,640139,579.749731931972
971,517030,641739,902.4505642436876
972,517030,645876,683.9185658953289
973,517030,658659,658.6675020383047
974,517030,666126,775.4424862095573
975,517030,714724,5439.37955757547
976,517030,731431,504.2930627206353
977,517030,737894,699.3400034080715
978,517030,766298,765.18711791185
979,517030,799150,378.7809078627453
980,517030,845797,527.8513548079329
981,517030,880657,522.9914411443259
982,517030,884138,452.134680984993
983,517030,910187,467.5019817706216
984,531559,5082,666.1287713456776
985,531559,33417,612.0700571950849
986,531559,43999,953.0918995939028
987,531559,53952,514.7217943380629
988,531559,92386,577.9303737709384
989,531559,102712,525.0229623589037
990,531559,122884,439.45137352421875
991,531559,142289,528.1234145246725
992,531559,159565,587.5761871278112
993,531559,183182,665.7471643735307
994,531559,207119,571.8882428773611
995,531559,209245,870.0016167600313
996,531559,209995,619.8614585137859
997,531559,240268,939.327274949588
998,531559,251855,602.9198659044897
999,531559,319578,807.0242104795149
1000,531559,409880,557.5927499019388
1001,531559,450006,917.0668142804176
1002,531559,465132,577.7636135996057
1003,531559,475854,1097.0154768774426
1004,531559,500424,586.4817520012089
1005,531559,502092,538.6868915310977
1006,531559,509714,659.6147980456495
1007,531559,517030,535.5583514411512
1008,531559,543352,803.5814213917103
1009,531559,547996,707.0838931085348
1010,531559,578490,623.9396153488075
1011,531559,640139,823.6856704691035
1012,531559,641739,890.055228186026
1013,531559,645876,797.9966099040288
1014,531559,658659,928.3362680786975
1015,531559,666126,722.4185071833638
1016,531559,714724,5420.370676827345
1017,531559,731431,465.39951058857906
1018,531559,737894,481.56823503023935
1019,531559,766298,777.625367005234
1020,531559,799150,544.9009848726811
1021,531559,845797,413.0015489228639
1022,531559,880657,503.28438589678575
1023,531559,884138,432.4818954964145
1024,531559,910187,318.0971764317822
1025,543352,5082,177.1497078100963
1026,543352,33417,962.0138527935254
1027,543352,43999,1136.5369178724347
1028,543352,53952,788.7481987404908
1029,543352,92386,995.6396525246121
1030,543352,102712,775.4345441805572
1031,543352,122884,429.9181554824101
1032,543352,142289,771.0030134501746
1033,543352,159565,1081.9257137173395
1034,543352,183182,892.0494063739951
1035,543352,207119,771.1496958389738
1036,543352,209245,1102.849366111449
1037,543352,209995,867.1163727853078
1038,543352,240268,1314.5949527776222
1039,543352,251855,765.1994195815219
1040,543352,319578,1068.5362145432014
1041,543352,409880,951.4792517063619
1042,543352,450006,1086.927446466659
1043,543352,465132,388.71181934178804
1044,543352,475854,1141.0776467388196
1045,543352,500424,844.4010843067109
1046,543352,502092,736.1877345630242
1047,543352,509714,684.8327618707782
1048,543352,517030,816.0565599796792
1049,543352,531559,803.5814213917103
1050,543352,547996,1001.6356700368716
1051,543352,578490,362.7376831021647
1052,543352,640139,1089.6500328776833
1053,543352,641739,902.196626316035
1054,543352,645876,1102.5722080363557
1055,543352,658659,1127.5350279512631
1056,543352,666126,898.1460946330125
1057,543352,714724,5338.439643302319
1058,543352,731431,763.5675573431513
1059,543352,737894,891.4643618633245
1060,543352,766298,277.7343347139448
1061,543352,799150,747.583811236646
1062,543352,845797,764.9354771428572
1063,543352,880657,802.1073068321372
1064,543352,884138,871.0067546925767
1065,543352,910187,760.6362964806606
1066,547996,5082,1080.8668747728655
1067,547996,33417,273.23655481530295
1068,547996,43999,417.9195963655451
1069,547996,53952,563.93690621226
1070,547996,92386,329.24139518961186
1071,547996,102712,579.1820635141447
1072,547996,122884,892.2244174314883
1073,547996,142289,751.4085358586048
1074,547996,159565,315.91542233210316
1075,547996,183182,343.20961298396776
1076,547996,207119,582.1667483995761
1077,547996,209245,336.16145169463135
1078,547996,209995,748.5686070032053
1079,547996,240268,470.39118586683736
1080,547996,251855,582.7996700115531
1081,547996,319578,361.924181487607
1082,547996,409880,376.4733976178983
1083,547996,450006,435.64185855775
1084,547996,465132,1072.720441482734
1085,547996,475854,622.8502451389113
1086,547996,500424,548.1890432850184
1087,547996,502092,612.4409385074194
1088,547996,509714,913.6056651394381
1089,547996,517030,676.2998821316203
1090,547996,531559,707.0838931085348
1091,547996,543352,1001.6356700368716
1092,547996,578490,936.3657396573526
1093,547996,640139,371.65807016002003
1094,547996,641739,1233.8516583772239
1095,547996,645876,532.7109321715449
1096,547996,658659,476.92509500887496
1097,547996,666126,437.6342898849392
1098,547996,714724,5388.3532120395985
1099,547996,731431,582.7973588366837
1100,547996,737894,493.57752811464115
1101,547996,766298,929.7612400483595
1102,547996,799150,650.1938967714228
1103,547996,845797,588.7895771788188
1104,547996,880657,623.6677060201165
1105,547996,884138,584.0073274034137
1106,547996,910187,668.7502706077894
1107,578490,5082,391.67333200459507
1108,578490,33417,938.393689778214
1109,578490,43999,1193.4081891524024
1110,578490,53952,592.2828994861779
1111,578490,92386,976.7807047395493
1112,578490,102712,591.1933648359903
1113,578490,122884,406.299724867356
1114,578490,142289,631.0782736228833
1115,578490,159565,1034.4775034625088
1116,578490,183182,940.2173382080183
1117,578490,207119,629.3912047199266
